asd2 <- 10 display asd2
